aa prE   prH   prI   prC
E  0.001 0.004 0.001 0.994
R  0.003 0.015 0.001 0.982
R  0.011 0.026 0.000 0.962
R  0.026 0.026 0.000 0.948
G  0.043 0.027 0.000 0.930
L  0.043 0.029 0.000 0.927
T  0.032 0.023 0.000 0.945
D  0.001 0.009 0.000 0.990
P  0.000 0.819 0.001 0.180
E  0.000 0.828 0.002 0.170
M  0.000 0.850 0.003 0.146
A  0.000 0.856 0.005 0.139
A  0.001 0.854 0.006 0.138
V  0.002 0.849 0.008 0.141
I  0.002 0.835 0.008 0.155
L  0.002 0.755 0.006 0.237
K  0.002 0.551 0.003 0.443
A  0.005 0.354 0.002 0.639
L  0.008 0.018 0.000 0.974
P  0.015 0.057 0.000 0.928
E  0.037 0.051 0.000 0.912
A  0.021 0.003 0.000 0.976
P  0.020 0.014 0.000 0.966
L  0.010 0.023 0.000 0.967
D  0.005 0.028 0.000 0.967
G  0.006 0.038 0.000 0.955
N  0.015 0.043 0.001 0.942
N  0.087 0.039 0.001 0.873
K  0.250 0.038 0.003 0.709
M  0.285 0.051 0.009 0.655
G  0.293 0.066 0.023 0.618
Y  0.272 0.108 0.051 0.569
F  0.282 0.109 0.050 0.559
V  0.284 0.065 0.036 0.614
T  0.180 0.023 0.020 0.777
P  0.177 0.053 0.003 0.767
R  0.065 0.061 0.002 0.872
W  0.061 0.035 0.001 0.903
K  0.176 0.012 0.000 0.812
R  0.210 0.012 0.000 0.778
L  0.046 0.071 0.000 0.882
T  0.043 0.093 0.001 0.863
E  0.057 0.694 0.016 0.234
Y  0.037 0.742 0.120 0.101
E  0.039 0.550 0.347 0.064
A  0.040 0.457 0.446 0.057
L  0.046 0.423 0.452 0.079
T  0.088 0.388 0.387 0.136
V  0.109 0.287 0.361 0.244
Y  0.066 0.176 0.333 0.425
A  0.077 0.121 0.219 0.584
Q  0.108 0.014 0.023 0.856
P  0.050 0.033 0.001 0.915
N  0.037 0.030 0.001 0.932
A  0.012 0.529 0.011 0.448
D  0.019 0.585 0.016 0.379
W  0.059 0.632 0.018 0.291
I  0.120 0.518 0.017 0.345
A  0.082 0.363 0.018 0.538
G  0.029 0.138 0.012 0.820
G  0.038 0.092 0.005 0.865
L  0.132 0.118 0.004 0.747
D  0.152 0.125 0.004 0.719
W  0.091 0.178 0.004 0.727
G  0.033 0.127 0.004 0.836
D  0.065 0.106 0.003 0.826
W  0.357 0.069 0.003 0.571
T  0.534 0.061 0.004 0.401
Q  0.525 0.072 0.004 0.399
K  0.394 0.072 0.004 0.530
F  0.307 0.057 0.002 0.634
H  0.126 0.034 0.001 0.839
G  0.037 0.024 0.000 0.939
G  0.041 0.013 0.000 0.946
R  0.079 0.005 0.000 0.915
P  0.066 0.051 0.000 0.883
S  0.123 0.059 0.000 0.817
W  0.216 0.043 0.000 0.740
G  0.105 0.012 0.000 0.883
N  0.035 0.167 0.001 0.797
E  0.050 0.192 0.001 0.757
T  0.161 0.146 0.001 0.692
T  0.323 0.067 0.001 0.609
E  0.484 0.036 0.001 0.478
L  0.528 0.025 0.001 0.446
R  0.636 0.014 0.000 0.350
T  0.299 0.009 0.000 0.691
V  0.038 0.007 0.000 0.955
D  0.012 0.007 0.000 0.981
W  0.001 0.784 0.001 0.213
F  0.001 0.822 0.002 0.176
K  0.002 0.798 0.002 0.198
H  0.012 0.499 0.003 0.487
R  0.043 0.214 0.005 0.738
D  0.007 0.008 0.003 0.983
P  0.005 0.383 0.252 0.360
L  0.005 0.388 0.325 0.282
R  0.018 0.436 0.310 0.236
R  0.046 0.418 0.283 0.253
W  0.046 0.392 0.279 0.283
H  0.019 0.404 0.311 0.266
A  0.001 0.610 0.322 0.067
P  0.001 0.955 0.026 0.019
Y  0.000 0.983 0.006 0.011
V  0.000 0.988 0.003 0.009
K  0.000 0.989 0.002 0.009
D  0.000 0.983 0.002 0.015
K  0.000 0.988 0.002 0.010
A  0.000 0.987 0.002 0.011
E  0.000 0.988 0.002 0.010
E  0.000 0.992 0.003 0.005
W  0.000 0.992 0.004 0.004
R  0.000 0.993 0.003 0.004
Y  0.000 0.995 0.002 0.003
T  0.000 0.996 0.002 0.002
D  0.000 0.996 0.002 0.002
R  0.000 0.995 0.001 0.003
F  0.000 0.996 0.001 0.003
L  0.000 0.996 0.001 0.003
Q  0.000 0.992 0.001 0.007
G  0.000 0.984 0.001 0.014
Y  0.000 0.984 0.001 0.015
S  0.000 0.974 0.001 0.025
A  0.000 0.893 0.001 0.106
D  0.000 0.154 0.001 0.844
G  0.000 0.033 0.000 0.967
Q  0.001 0.653 0.002 0.345
I  0.002 0.845 0.002 0.152
R  0.001 0.782 0.001 0.216
A  0.002 0.639 0.001 0.358
M  0.012 0.011 0.000 0.977
N  0.001 0.002 0.000 0.998
P  0.000 0.947 0.005 0.048
T  0.000 0.944 0.019 0.038
W  0.000 0.934 0.052 0.014
R  0.000 0.861 0.132 0.007
D  0.000 0.780 0.215 0.005
E  0.000 0.573 0.423 0.004
F  0.000 0.205 0.792 0.002
I  0.000 0.061 0.938 0.001
N  0.000 0.036 0.962 0.001
R  0.000 0.039 0.958 0.003
Y  0.000 0.039 0.956 0.005
W  0.000 0.027 0.965 0.009
G  0.000 0.050 0.937 0.013
A  0.001 0.347 0.590 0.062
F  0.002 0.629 0.282 0.087
L  0.002 0.755 0.134 0.109
F  0.001 0.862 0.060 0.077
N  0.000 0.967 0.020 0.013
E  0.000 0.978 0.014 0.008
Y  0.000 0.982 0.011 0.007
G  0.000 0.983 0.010 0.007
L  0.000 0.984 0.009 0.007
F  0.000 0.987 0.006 0.007
N  0.000 0.988 0.005 0.007
A  0.000 0.986 0.006 0.008
H  0.000 0.981 0.007 0.012
S  0.000 0.976 0.010 0.014
Q  0.000 0.968 0.017 0.015
G  0.000 0.951 0.029 0.020
A  0.000 0.928 0.035 0.036
R  0.000 0.866 0.039 0.095
E  0.001 0.681 0.040 0.278
A  0.007 0.181 0.037 0.775
L  0.011 0.192 0.038 0.758
S  0.005 0.401 0.041 0.552
D  0.000 0.879 0.022 0.099
V  0.000 0.965 0.014 0.021
T  0.000 0.981 0.010 0.008
R  0.000 0.988 0.007 0.005
V  0.000 0.991 0.006 0.003
S  0.000 0.993 0.005 0.002
L  0.000 0.995 0.003 0.002
A  0.000 0.995 0.003 0.002
F  0.000 0.993 0.003 0.004
W  0.000 0.982 0.003 0.015
G  0.000 0.959 0.003 0.038
F  0.000 0.947 0.003 0.051
D  0.000 0.935 0.002 0.063
K  0.001 0.905 0.002 0.093
I  0.001 0.768 0.002 0.229
D  0.001 0.788 0.002 0.209
I  0.000 0.987 0.001 0.012
A  0.000 0.995 0.001 0.003
Q  0.000 0.996 0.001 0.002
M  0.000 0.997 0.002 0.002
I  0.000 0.996 0.002 0.002
Q  0.000 0.994 0.003 0.003
L  0.000 0.992 0.003 0.004
E  0.000 0.988 0.004 0.008
R  0.000 0.978 0.006 0.017
G  0.000 0.963 0.007 0.029
F  0.000 0.954 0.009 0.037
L  0.000 0.949 0.011 0.040
A  0.000 0.915 0.010 0.074
K  0.000 0.830 0.008 0.161
I  0.003 0.762 0.010 0.225
V  0.009 0.022 0.005 0.965
P  0.002 0.048 0.003 0.948
G  0.002 0.040 0.001 0.957
F  0.022 0.048 0.001 0.928
D  0.008 0.096 0.004 0.892
E  0.003 0.321 0.020 0.656
S  0.006 0.343 0.032 0.618
T  0.006 0.329 0.039 0.627
A  0.004 0.366 0.052 0.577
V  0.002 0.654 0.064 0.280
P  0.002 0.790 0.065 0.143
K  0.002 0.818 0.099 0.082
A  0.002 0.807 0.119 0.072
E  0.005 0.739 0.157 0.098
W  0.005 0.708 0.177 0.111
T  0.004 0.626 0.178 0.193
N  0.004 0.424 0.176 0.397
G  0.003 0.176 0.148 0.673
E  0.002 0.685 0.061 0.252
V  0.004 0.743 0.033 0.220
Y  0.005 0.709 0.025 0.261
K  0.002 0.687 0.033 0.279
S  0.001 0.804 0.018 0.177
A  0.000 0.976 0.007 0.017
R  0.000 0.988 0.006 0.006
L  0.000 0.989 0.006 0.005
A  0.000 0.983 0.009 0.007
V  0.000 0.980 0.011 0.008
E  0.000 0.974 0.017 0.010
G  0.000 0.950 0.022 0.027
L  0.000 0.909 0.027 0.064
W  0.002 0.774 0.030 0.194
Q  0.007 0.526 0.028 0.439
E  0.021 0.275 0.028 0.676
V  0.038 0.088 0.024 0.850
F  0.025 0.047 0.008 0.919
D  0.012 0.031 0.003 0.954
W  0.000 0.939 0.007 0.053
N  0.000 0.972 0.011 0.017
E  0.000 0.983 0.011 0.006
S  0.000 0.984 0.013 0.003
A  0.000 0.976 0.022 0.002
F  0.000 0.932 0.065 0.003
S  0.000 0.784 0.212 0.004
V  0.000 0.523 0.472 0.005
H  0.000 0.320 0.675 0.005
A  0.000 0.189 0.807 0.004
V  0.000 0.143 0.852 0.005
Y  0.000 0.113 0.880 0.007
D  0.000 0.086 0.907 0.006
A  0.000 0.120 0.872 0.008
L  0.000 0.146 0.841 0.012
F  0.000 0.139 0.847 0.014
G  0.000 0.151 0.840 0.009
Q  0.000 0.270 0.718 0.012
F  0.000 0.312 0.672 0.015
V  0.001 0.257 0.719 0.024
R  0.001 0.259 0.690 0.050
R  0.000 0.298 0.628 0.073
E  0.001 0.450 0.504 0.046
F  0.001 0.479 0.489 0.031
F  0.000 0.469 0.508 0.022
Q  0.000 0.520 0.452 0.028
R  0.001 0.541 0.402 0.056
L  0.001 0.530 0.375 0.095
A  0.000 0.503 0.441 0.055
P  0.000 0.906 0.029 0.066
R  0.000 0.861 0.011 0.127
F  0.001 0.441 0.012 0.546
G  0.002 0.061 0.005 0.932
D  0.006 0.182 0.004 0.808
N  0.034 0.336 0.006 0.624
L  0.015 0.553 0.008 0.424
T  0.000 0.936 0.014 0.050
P  0.000 0.975 0.009 0.016
F  0.000 0.979 0.009 0.012
F  0.000 0.982 0.008 0.010
I  0.000 0.982 0.007 0.010
N  0.000 0.977 0.008 0.015
Q  0.000 0.964 0.009 0.027
A  0.000 0.979 0.005 0.016
Q  0.000 0.978 0.004 0.018
T  0.000 0.964 0.004 0.032
Y  0.000 0.982 0.004 0.015
F  0.000 0.988 0.004 0.008
Q  0.000 0.987 0.006 0.007
I  0.000 0.980 0.012 0.008
A  0.000 0.956 0.025 0.019
K  0.000 0.907 0.033 0.060
Q  0.000 0.816 0.039 0.145
G  0.001 0.706 0.048 0.245
V  0.000 0.898 0.076 0.026
Q  0.000 0.909 0.080 0.011
D  0.000 0.911 0.080 0.009
L  0.000 0.834 0.158 0.008
Y  0.000 0.789 0.202 0.009
Y  0.000 0.741 0.244 0.016
N  0.000 0.697 0.264 0.039
C  0.001 0.662 0.261 0.076
L  0.002 0.483 0.261 0.254
G  0.002 0.260 0.237 0.501
D  0.002 0.138 0.081 0.778
D  0.001 0.003 0.002 0.994
P  0.000 0.527 0.003 0.470
E  0.001 0.551 0.002 0.446
F  0.001 0.595 0.003 0.401
S  0.001 0.673 0.005 0.321
D  0.000 0.852 0.005 0.143
Y  0.001 0.810 0.005 0.184
N  0.002 0.765 0.006 0.227
R  0.000 0.980 0.006 0.014
T  0.000 0.991 0.004 0.005
V  0.000 0.993 0.004 0.003
M  0.000 0.993 0.004 0.003
R  0.000 0.989 0.007 0.004
N  0.000 0.973 0.021 0.006
W  0.000 0.895 0.098 0.007
T  0.000 0.867 0.125 0.008
G  0.000 0.869 0.107 0.024
K  0.000 0.847 0.088 0.065
W  0.000 0.819 0.070 0.110
L  0.000 0.867 0.100 0.033
E  0.000 0.947 0.040 0.014
P  0.000 0.986 0.005 0.010
T  0.000 0.994 0.003 0.004
I  0.000 0.996 0.003 0.002
A  0.000 0.995 0.002 0.002
A  0.000 0.994 0.002 0.004
L  0.000 0.992 0.002 0.006
R  0.000 0.989 0.003 0.008
D  0.000 0.980 0.003 0.017
F  0.000 0.971 0.003 0.026
M  0.000 0.958 0.005 0.037
G  0.000 0.947 0.003 0.050
L  0.000 0.930 0.003 0.067
F  0.001 0.868 0.003 0.128
A  0.001 0.555 0.003 0.442
K  0.002 0.324 0.002 0.672
L  0.002 0.027 0.001 0.971
P  0.002 0.076 0.000 0.921
A  0.004 0.088 0.000 0.908
G  0.005 0.020 0.000 0.975
T  0.011 0.011 0.000 0.977
T  0.041 0.017 0.000 0.942
D  0.017 0.039 0.000 0.944
K  0.000 0.953 0.001 0.045
E  0.000 0.971 0.001 0.027
E  0.000 0.979 0.002 0.019
I  0.000 0.986 0.002 0.012
T  0.000 0.990 0.002 0.008
A  0.000 0.989 0.003 0.008
S  0.000 0.987 0.005 0.008
L  0.000 0.983 0.011 0.007
Y  0.000 0.977 0.016 0.008
R  0.000 0.964 0.023 0.012
V  0.000 0.953 0.030 0.017
V  0.000 0.949 0.038 0.013
D  0.000 0.930 0.054 0.016
D  0.000 0.866 0.109 0.025
W  0.000 0.757 0.226 0.017
I  0.000 0.722 0.262 0.016
E  0.000 0.724 0.253 0.023
D  0.000 0.740 0.217 0.043
Y  0.001 0.708 0.204 0.087
A  0.001 0.605 0.259 0.134
S  0.002 0.634 0.109 0.255
R  0.003 0.529 0.014 0.454
I  0.005 0.169 0.009 0.817
D  0.006 0.027 0.002 0.965
F  0.030 0.062 0.001 0.906
K  0.073 0.058 0.001 0.869
A  0.045 0.022 0.001 0.933
D  0.027 0.017 0.000 0.956
R  0.000 0.907 0.002 0.091
D  0.000 0.944 0.002 0.054
Q  0.000 0.958 0.003 0.039
I  0.000 0.966 0.005 0.029
V  0.000 0.972 0.005 0.023
K  0.000 0.972 0.005 0.023
A  0.000 0.965 0.004 0.030
V  0.000 0.956 0.004 0.040
L  0.000 0.892 0.003 0.105
A  0.000 0.499 0.002 0.498
G  0.001 0.229 0.001 0.769
L  0.002 0.064 0.001 0.933
K  0.000 0.001 0.000 0.999
