aa prH   prI   prE   prC
E  0.268 0.003 0.031 0.698
R  0.192 0.001 0.017 0.790
R  0.093 0.000 0.025 0.882
R  0.073 0.000 0.040 0.887
G  0.053 0.000 0.066 0.881
L  0.042 0.000 0.060 0.897
T  0.020 0.000 0.042 0.938
D  0.008 0.000 0.002 0.990
P  0.866 0.000 0.000 0.134
E  0.893 0.000 0.000 0.106
M  0.918 0.001 0.000 0.081
A  0.917 0.001 0.001 0.081
A  0.908 0.001 0.001 0.089
V  0.900 0.001 0.002 0.096
I  0.878 0.001 0.003 0.117
L  0.783 0.001 0.003 0.213
K  0.556 0.001 0.003 0.440
A  0.364 0.000 0.007 0.629
L  0.028 0.000 0.013 0.959
P  0.087 0.000 0.021 0.891
E  0.078 0.000 0.043 0.879
A  0.005 0.000 0.024 0.971
P  0.021 0.000 0.020 0.960
L  0.037 0.000 0.011 0.952
D  0.040 0.000 0.006 0.955
G  0.049 0.000 0.006 0.944
N  0.056 0.000 0.015 0.929
N  0.045 0.000 0.064 0.890
K  0.040 0.002 0.161 0.797
M  0.055 0.007 0.215 0.722
G  0.060 0.014 0.213 0.713
Y  0.104 0.047 0.225 0.624
F  0.109 0.032 0.256 0.603
V  0.077 0.022 0.235 0.667
T  0.038 0.021 0.165 0.777
P  0.076 0.001 0.190 0.733
R  0.068 0.001 0.063 0.868
W  0.040 0.000 0.065 0.895
K  0.009 0.000 0.156 0.834
R  0.009 0.000 0.171 0.820
L  0.060 0.000 0.033 0.908
T  0.076 0.000 0.028 0.896
E  0.902 0.006 0.007 0.084
Y  0.922 0.021 0.006 0.051
E  0.891 0.064 0.007 0.038
A  0.853 0.096 0.010 0.041
L  0.825 0.102 0.007 0.066
T  0.729 0.110 0.017 0.145
V  0.592 0.126 0.024 0.258
Y  0.371 0.176 0.018 0.435
A  0.318 0.145 0.029 0.507
Q  0.022 0.038 0.044 0.896
P  0.060 0.002 0.032 0.906
N  0.056 0.001 0.026 0.917
A  0.572 0.002 0.009 0.416
D  0.601 0.002 0.021 0.376
W  0.645 0.002 0.060 0.293
I  0.518 0.003 0.104 0.375
A  0.377 0.003 0.060 0.559
G  0.155 0.002 0.030 0.813
G  0.102 0.001 0.036 0.860
L  0.130 0.001 0.113 0.756
D  0.147 0.001 0.153 0.699
W  0.219 0.001 0.081 0.699
G  0.167 0.001 0.030 0.802
D  0.150 0.002 0.059 0.790
W  0.140 0.002 0.265 0.593
T  0.141 0.001 0.419 0.439
Q  0.152 0.001 0.389 0.459
K  0.122 0.001 0.314 0.563
F  0.080 0.000 0.249 0.671
H  0.048 0.000 0.090 0.862
G  0.038 0.000 0.028 0.935
G  0.023 0.000 0.040 0.937
R  0.007 0.000 0.083 0.909
P  0.060 0.000 0.063 0.877
S  0.072 0.000 0.091 0.837
W  0.046 0.000 0.173 0.781
G  0.014 0.000 0.074 0.912
N  0.235 0.000 0.022 0.743
E  0.274 0.000 0.036 0.690
T  0.263 0.000 0.119 0.618
T  0.102 0.000 0.216 0.682
E  0.045 0.000 0.330 0.625
L  0.025 0.000 0.414 0.561
R  0.013 0.000 0.523 0.464
T  0.009 0.000 0.202 0.788
V  0.008 0.000 0.028 0.964
D  0.012 0.000 0.012 0.977
W  0.772 0.002 0.001 0.225
F  0.812 0.002 0.001 0.185
K  0.772 0.004 0.002 0.222
H  0.471 0.008 0.010 0.510
R  0.186 0.019 0.039 0.756
D  0.015 0.017 0.007 0.961
P  0.368 0.306 0.004 0.322
L  0.327 0.385 0.005 0.283
R  0.329 0.423 0.014 0.234
R  0.333 0.377 0.040 0.249
W  0.325 0.378 0.045 0.252
H  0.270 0.434 0.023 0.273
A  0.366 0.484 0.003 0.146
P  0.865 0.094 0.001 0.040
Y  0.950 0.028 0.001 0.021
V  0.969 0.013 0.001 0.017
K  0.977 0.007 0.000 0.015
D  0.972 0.005 0.000 0.022
K  0.979 0.004 0.000 0.017
A  0.977 0.004 0.000 0.019
E  0.979 0.003 0.000 0.018
E  0.984 0.003 0.000 0.013
W  0.989 0.003 0.000 0.008
R  0.991 0.002 0.000 0.007
Y  0.994 0.001 0.000 0.005
T  0.994 0.001 0.000 0.005
D  0.994 0.001 0.000 0.005
R  0.993 0.000 0.000 0.007
F  0.991 0.000 0.000 0.008
L  0.992 0.000 0.000 0.007
Q  0.990 0.000 0.000 0.010
G  0.983 0.000 0.000 0.016
Y  0.983 0.000 0.000 0.017
S  0.970 0.000 0.000 0.030
A  0.875 0.000 0.000 0.125
D  0.143 0.000 0.000 0.857
G  0.030 0.000 0.000 0.970
Q  0.639 0.000 0.001 0.360
I  0.827 0.000 0.001 0.172
R  0.767 0.000 0.001 0.233
A  0.630 0.000 0.001 0.368
M  0.011 0.000 0.012 0.978
N  0.002 0.000 0.001 0.997
P  0.961 0.005 0.000 0.035
T  0.963 0.014 0.000 0.023
W  0.938 0.051 0.000 0.011
R  0.875 0.120 0.000 0.005
D  0.803 0.193 0.000 0.004
E  0.604 0.391 0.000 0.004
F  0.347 0.650 0.000 0.003
I  0.257 0.740 0.000 0.003
N  0.238 0.757 0.000 0.005
R  0.252 0.734 0.000 0.014
Y  0.269 0.703 0.000 0.027
W  0.198 0.753 0.002 0.048
G  0.215 0.719 0.002 0.064
A  0.512 0.342 0.004 0.142
F  0.601 0.206 0.007 0.185
L  0.632 0.131 0.007 0.230
F  0.759 0.048 0.003 0.190
N  0.947 0.021 0.000 0.032
E  0.969 0.015 0.000 0.015
Y  0.971 0.015 0.000 0.013
G  0.973 0.014 0.000 0.013
L  0.975 0.011 0.000 0.014
F  0.979 0.006 0.000 0.014
N  0.982 0.005 0.000 0.013
A  0.983 0.004 0.000 0.013
H  0.980 0.004 0.000 0.016
S  0.977 0.004 0.000 0.019
Q  0.979 0.003 0.000 0.018
G  0.975 0.003 0.000 0.022
A  0.957 0.004 0.000 0.038
R  0.885 0.007 0.001 0.107
E  0.719 0.009 0.003 0.269
A  0.212 0.009 0.011 0.768
L  0.181 0.012 0.019 0.788
S  0.316 0.014 0.008 0.662
D  0.881 0.008 0.001 0.110
V  0.964 0.007 0.000 0.028
T  0.981 0.007 0.000 0.011
R  0.986 0.006 0.000 0.007
V  0.986 0.007 0.000 0.006
S  0.989 0.006 0.000 0.005
L  0.991 0.005 0.000 0.004
A  0.991 0.004 0.000 0.005
F  0.987 0.004 0.000 0.009
W  0.973 0.004 0.000 0.022
G  0.939 0.004 0.000 0.057
F  0.904 0.004 0.001 0.092
D  0.862 0.003 0.001 0.134
K  0.875 0.002 0.001 0.121
I  0.770 0.003 0.002 0.225
D  0.712 0.002 0.002 0.285
I  0.971 0.001 0.000 0.027
A  0.991 0.001 0.000 0.008
Q  0.995 0.001 0.000 0.005
M  0.996 0.001 0.000 0.004
I  0.996 0.001 0.000 0.004
Q  0.995 0.001 0.000 0.005
L  0.992 0.001 0.000 0.007
E  0.989 0.001 0.000 0.010
R  0.981 0.001 0.000 0.018
G  0.970 0.002 0.000 0.029
F  0.952 0.002 0.000 0.046
L  0.950 0.002 0.000 0.048
A  0.923 0.002 0.000 0.075
K  0.846 0.001 0.001 0.153
I  0.751 0.001 0.004 0.245
V  0.028 0.000 0.009 0.963
P  0.060 0.000 0.002 0.937
G  0.053 0.000 0.003 0.944
F  0.046 0.000 0.021 0.932
D  0.068 0.000 0.009 0.923
E  0.384 0.000 0.002 0.614
S  0.437 0.001 0.003 0.560
T  0.465 0.001 0.003 0.531
A  0.511 0.001 0.002 0.485
V  0.818 0.001 0.001 0.180
P  0.920 0.003 0.001 0.077
K  0.954 0.003 0.000 0.043
A  0.952 0.003 0.000 0.045
E  0.937 0.003 0.001 0.059
W  0.914 0.003 0.002 0.081
T  0.816 0.003 0.002 0.180
N  0.538 0.002 0.002 0.458
G  0.094 0.002 0.001 0.903
E  0.773 0.002 0.001 0.224
V  0.819 0.002 0.003 0.176
Y  0.780 0.001 0.005 0.214
K  0.742 0.002 0.002 0.255
S  0.830 0.001 0.001 0.167
A  0.983 0.001 0.000 0.016
R  0.993 0.001 0.000 0.007
L  0.994 0.001 0.000 0.005
A  0.992 0.001 0.000 0.007
V  0.992 0.001 0.000 0.006
E  0.991 0.002 0.000 0.007
G  0.982 0.003 0.000 0.015
L  0.966 0.003 0.000 0.030
W  0.870 0.005 0.001 0.124
Q  0.579 0.004 0.003 0.414
E  0.315 0.004 0.010 0.671
V  0.116 0.006 0.025 0.854
F  0.072 0.010 0.028 0.890
D  0.047 0.006 0.008 0.939
W  0.950 0.007 0.000 0.043
N  0.976 0.011 0.000 0.013
E  0.978 0.016 0.000 0.005
S  0.969 0.027 0.000 0.004
A  0.927 0.070 0.000 0.003
F  0.839 0.157 0.000 0.003
S  0.701 0.294 0.000 0.004
V  0.526 0.469 0.000 0.005
H  0.333 0.663 0.000 0.005
A  0.174 0.822 0.000 0.003
V  0.125 0.871 0.000 0.004
Y  0.096 0.899 0.000 0.005
D  0.078 0.918 0.000 0.004
A  0.175 0.818 0.000 0.007
L  0.206 0.782 0.000 0.012
F  0.177 0.804 0.000 0.018
G  0.197 0.792 0.000 0.011
Q  0.371 0.619 0.000 0.010
F  0.359 0.630 0.000 0.011
V  0.296 0.684 0.001 0.019
R  0.254 0.707 0.001 0.039
R  0.264 0.667 0.000 0.069
E  0.312 0.655 0.000 0.032
F  0.314 0.668 0.000 0.019
F  0.330 0.654 0.000 0.015
Q  0.391 0.592 0.000 0.018
R  0.468 0.494 0.000 0.038
L  0.504 0.412 0.001 0.083
A  0.473 0.436 0.001 0.090
P  0.888 0.030 0.000 0.082
R  0.830 0.010 0.000 0.160
F  0.436 0.006 0.001 0.557
G  0.056 0.002 0.003 0.940
D  0.199 0.001 0.009 0.791
N  0.392 0.001 0.035 0.571
L  0.595 0.002 0.017 0.386
T  0.954 0.004 0.001 0.042
P  0.986 0.002 0.000 0.011
F  0.988 0.003 0.000 0.009
F  0.990 0.003 0.000 0.008
I  0.989 0.002 0.000 0.009
N  0.983 0.003 0.000 0.014
Q  0.972 0.003 0.000 0.025
A  0.979 0.002 0.000 0.019
Q  0.977 0.002 0.000 0.021
T  0.961 0.003 0.000 0.036
Y  0.976 0.003 0.000 0.021
F  0.987 0.003 0.000 0.010
Q  0.987 0.003 0.000 0.010
I  0.986 0.003 0.000 0.010
A  0.977 0.003 0.000 0.020
K  0.958 0.003 0.000 0.039
Q  0.885 0.004 0.000 0.112
G  0.813 0.004 0.001 0.183
V  0.973 0.004 0.000 0.023
Q  0.987 0.004 0.000 0.010
D  0.988 0.004 0.000 0.008
L  0.987 0.006 0.000 0.007
Y  0.983 0.008 0.000 0.008
Y  0.975 0.009 0.000 0.016
N  0.952 0.011 0.000 0.037
C  0.916 0.009 0.001 0.075
L  0.706 0.011 0.001 0.283
G  0.375 0.010 0.002 0.613
D  0.172 0.003 0.002 0.822
D  0.003 0.000 0.001 0.996
P  0.628 0.000 0.000 0.371
E  0.650 0.000 0.001 0.349
F  0.677 0.000 0.001 0.321
S  0.700 0.001 0.001 0.299
D  0.876 0.001 0.000 0.123
Y  0.858 0.001 0.001 0.140
N  0.825 0.001 0.002 0.172
R  0.988 0.001 0.000 0.011
T  0.994 0.001 0.000 0.005
V  0.994 0.002 0.000 0.004
M  0.994 0.003 0.000 0.003
R  0.991 0.006 0.000 0.004
N  0.974 0.021 0.000 0.005
W  0.909 0.086 0.000 0.006
T  0.889 0.104 0.000 0.008
G  0.894 0.083 0.000 0.023
K  0.862 0.071 0.000 0.067
W  0.786 0.051 0.001 0.163
L  0.874 0.078 0.000 0.048
E  0.969 0.017 0.000 0.014
P  0.989 0.002 0.000 0.008
T  0.994 0.001 0.000 0.005
I  0.996 0.001 0.000 0.003
A  0.996 0.001 0.000 0.004
A  0.995 0.000 0.000 0.005
L  0.991 0.000 0.000 0.008
R  0.988 0.000 0.000 0.011
D  0.980 0.000 0.000 0.020
F  0.967 0.000 0.000 0.032
M  0.950 0.000 0.000 0.049
G  0.918 0.000 0.000 0.082
L  0.901 0.000 0.000 0.099
F  0.831 0.000 0.001 0.168
A  0.545 0.001 0.001 0.453
K  0.310 0.000 0.003 0.687
L  0.025 0.000 0.003 0.972
P  0.072 0.000 0.003 0.925
A  0.077 0.000 0.005 0.919
G  0.026 0.000 0.004 0.970
T  0.018 0.000 0.012 0.970
T  0.018 0.000 0.037 0.945
D  0.040 0.000 0.020 0.941
K  0.959 0.000 0.000 0.041
E  0.973 0.000 0.000 0.026
E  0.980 0.000 0.000 0.020
I  0.985 0.000 0.000 0.015
T  0.987 0.000 0.000 0.012
A  0.986 0.001 0.000 0.013
S  0.986 0.001 0.000 0.013
L  0.987 0.001 0.000 0.012
Y  0.987 0.002 0.000 0.012
R  0.982 0.003 0.000 0.015
V  0.981 0.004 0.000 0.015
V  0.981 0.004 0.000 0.015
D  0.976 0.007 0.000 0.017
D  0.961 0.013 0.000 0.026
W  0.957 0.023 0.000 0.020
I  0.951 0.025 0.000 0.023
E  0.942 0.026 0.000 0.032
D  0.918 0.020 0.000 0.063
Y  0.834 0.023 0.000 0.143
A  0.735 0.024 0.001 0.239
S  0.647 0.015 0.002 0.336
R  0.484 0.003 0.004 0.509
I  0.158 0.002 0.005 0.835
D  0.017 0.000 0.004 0.979
F  0.029 0.000 0.016 0.955
K  0.029 0.000 0.047 0.924
A  0.010 0.000 0.030 0.960
D  0.010 0.000 0.017 0.973
R  0.902 0.000 0.000 0.097
D  0.942 0.000 0.000 0.058
Q  0.955 0.001 0.000 0.044
I  0.962 0.001 0.000 0.037
V  0.966 0.001 0.000 0.033
K  0.963 0.001 0.000 0.036
A  0.956 0.001 0.000 0.043
V  0.946 0.001 0.000 0.054
L  0.870 0.000 0.000 0.130
A  0.506 0.000 0.001 0.493
G  0.254 0.000 0.001 0.745
L  0.102 0.000 0.002 0.895
K  0.001 0.000 0.000 0.999
